#plotCorrelation --outFileCorMatrix
	'CRAMP1_D1_R1.bw'	'CRAMP1_D1_R2.bw'	'CRAMP1_D1_R3.bw'	'CRAMP1_SANT_R3.bw'	'CRAMP1_SANT_R1.bw'	'CRAMP1_SANT_R2.bw'	'CRAMP1_WT_R3.bw'	'CRAMP1_WT_R1.bw'	'CRAMP1_WT_R2.bw'
'CRAMP1_D1_R1.bw'	1.0000	0.5965	0.5718	0.3042	0.3111	0.3580	0.3236	0.4312	0.4214
'CRAMP1_D1_R2.bw'	0.5965	1.0000	0.5992	0.2672	0.2607	0.2990	0.2489	0.3372	0.3270
'CRAMP1_D1_R3.bw'	0.5718	0.5992	1.0000	0.2331	0.2164	0.2674	0.2293	0.3157	0.2948
'CRAMP1_SANT_R3.bw'	0.3042	0.2672	0.2331	1.0000	0.4479	0.4821	0.4439	0.4629	0.4662
'CRAMP1_SANT_R1.bw'	0.3111	0.2607	0.2164	0.4479	1.0000	0.5757	0.4431	0.5189	0.5177
'CRAMP1_SANT_R2.bw'	0.3580	0.2990	0.2674	0.4821	0.5757	1.0000	0.5152	0.5746	0.5711
'CRAMP1_WT_R3.bw'	0.3236	0.2489	0.2293	0.4439	0.4431	0.5152	1.0000	0.6457	0.5866
'CRAMP1_WT_R1.bw'	0.4312	0.3372	0.3157	0.4629	0.5189	0.5746	0.6457	1.0000	0.6728
'CRAMP1_WT_R2.bw'	0.4214	0.3270	0.2948	0.4662	0.5177	0.5711	0.5866	0.6728	1.0000
